#_of_Tornadoes Direct_Injury Indirect_Injury Direct_Fatality Indirect_Fatality Property_Damage Crop_Damage
2022	46	12	0	0	0	$22,147,000	$12,000
2021	41	9	0	2	0	$27,900,000	$5,000
2020	46	30	1	0	0	$309,058,000	$1,405,000
2019	41	15	0	0	0	$9,394,000	$1,145,000
2018	36	7	0	1	0	$7,458,000	$31,000
2017	41	13	0	0	0	$4,538,000	
2016	28	6	0	0	0	$4,716,000	
2015	21	8	0	2	0	$3,485,000	$15,000
2014	25	200	0	17	0	$226,720,000	
2013	41	23	0	2	0	$8,835,000	
2012	23	3	0	0	0	$12,832,000	$10,000
2011	104	97	0	12	0	$303,514,000	$50,000
2010	47	38	0	6	0	$22,958,000	
2009	59	46	0	3	0	$144,841,100	$50,000
2008	110	225	0	21	0	$369,696,000	$200,000
2007	22	40	0	0	0	$46,768,500	
2006	35	70	0	0	0	$46,277,000	
2005	69	33	0	3	0	$7,615,000	$75,000
2004	58	11	0	0	0	$12,663,000	$12,000
2003	89	11	0	0	0	$2,212,000	
2002	39	17	0	1	0	$675,000	$10
2001	52	35	0	5	0	$4,848,100	
2000	42	12	0	0	0	$1,282,000	
1999	140	176	0	8	0	$22,108,600	
1998	39	12	0	2	0	$2,042,000	
1997	47	429	0	26	0	$267,116,720	$1,120,000
1996	33	158	0	11	0	$317,554,000	
1995	24	9	0	2	0	$419,000	
1994	16	9	0	0	0	$22,665,000	
1993	15	11	0	0	0	$52,170,500	
1992	6	1	0	0	0	$25,550,250	
1991	15	14	0	0	0	$3,850,500	
1990	21	8	0	2	0	$775,250	
1989	19	6	0	0	0	$1,350,000	
1988	21	101	0	6	0	$148,775,000	
1987	2	100	0	6	0	$25,250,000	
1986	3	0	0	0	0	$250,000	
1985	12	16	0	3	0	$53,350,060	
1984	31	44	0	7	0	$238,205,000	
1983	17	6	0	0	0	$4,580,530	
1982	102	218	0	19	0	$176,945,710	
1981	12	10	0	0	0	$1,332,500	
1980	26	113	0	1	0	$20,125,000	
1979	47	59	0	1	0	$48,910,500	
1978	57	34	0	2	0	$14,458,500	
1977	20	7	0	1	0	$450,500	
1976	33	124	0	9	0	$29,715,500	
1975	23	86	0	8	0	$28,630,250	
1974	14	114	0	4	0	$26,202,500	
1973	54	396	0	5	0	$9,903,840	
1972	14	3	0	0	0	$5,882,530	
1971	16	29	0	0	0	$1,877,500	
1970	21	85	0	1	0	$6,735,000	
1969	2	1	0	0	0	$27,500	
1968	23	723	0	65	0	$8,420,250	
1967	20	28	0	0	0	$7,052,500	
1966	5	2	0	0	0	$507,500	
1965	24	225	0	6	0	$26,945,250	
1964	29	7	0	1	0	$1,920,000	
1963	2	0	0	0	0	$25,000	
1962	6	4	0	0	0	$325,000	
1961	40	100	0	7	0	$9,380,000	
1960	29	58	0	1	0	$8,885,250	
1959	12	39	0	3	0	$1,600,000	
1958	7	0	0	0	0	$302,560	
1957	28	30	0	3	0	$1,008,500	
1956	17	19	0	1	0	$1,205,000	
1955	28	33	0	2	0	$3,010,500	
1954	33	38	0	1	0	$2,177,750	
1953	11	9	0	0	0	$1,037,500	
1952	29	731	0	112	0	$7,235,280	
1951	3	7	0	0	0	$50,000	
1950	13	49	0	2	0	$860,030	
